5937282048.000000 4063323648.000000 3947394560.000000 1280660736.000000 5844734976.000000 9199716352.000000 7837847040.000000 1074355968.000000 2766301952.000000 7646281216.000000 8165855232.000000 5898861056.000000 5889151488.000000 7465396736.000000 2257064448.000000 1325453568.000000 9642103808.000000 5292675584.000000 6016153600.000000 2845554944.000000 5783380480.000000 5084802048.000000 746849728.000000 5401085440.000000 8456988160.000000 7363319296.000000 5436786176.000000 4201024768.000000 1003446272.000000 9581829120.000000 5120932352.000000 6940728320.000000 
3645152256.000000 9068326912.000000 8221388800.000000 9489887232.000000 8268042752.000000 6059235840.000000 564243392.000000 1034344256.000000 3705517312.000000 8730098688.000000 6933205504.000000 9594669056.000000 6195495936.000000 9190269952.000000 920122560.000000 5837599232.000000 4482946048.000000 6936276480.000000 8683153408.000000 266326224.000000 2021078656.000000 9430002688.000000 5667411456.000000 478067200.000000 6793322496.000000 1104197888.000000 4679091712.000000 7796769280.000000 686026496.000000 9800025088.000000 4737497600.000000 4331178496.000000 
8868352000.000000 2958886656.000000 3821065984.000000 7136393728.000000 9018122240.000000 4385309696.000000 8170738176.000000 2723640320.000000 3115408384.000000 5103944192.000000 2318309376.000000 9310904320.000000 4294214144.000000 3238432000.000000 5148502528.000000 8777159680.000000 174708400.000000 3831656448.000000 9043486720.000000 2195787008.000000 3261659648.000000 4710898176.000000 2673854208.000000 54982728.000000 5815095808.000000 7352946176.000000 7851751936.000000 6501122560.000000 7152970240.000000 2589249280.000000 832301440.000000 6021322240.000000 
5548136448.000000 4653367808.000000 3157715712.000000 4566259200.000000 9038676992.000000 1328454016.000000 7289899008.000000 2154085632.000000 6432397824.000000 9608208384.000000 1464989824.000000 726612288.000000 2846640640.000000 6613492224.000000 9503772672.000000 3021349120.000000 445149056.000000 8547258880.000000 5217136128.000000 3706809088.000000 3258157312.000000 7890990592.000000 3761791488.000000 9073253376.000000 5243936768.000000 1613543680.000000 5574375936.000000 2396907264.000000 4202792960.000000 6406677504.000000 8418229248.000000 9750928384.000000 
1060045184.000000 1575945216.000000 4317188096.000000 98722432.000000 2904399104.000000 1607087360.000000 2252808192.000000 9336797184.000000 1215296000.000000 3717797632.000000 63409400.000000 4061936384.000000 331290400.000000 9567181824.000000 7083285504.000000 776439488.000000 8114441216.000000 2300421632.000000 4483248128.000000 1372598400.000000 191411904.000000 8245040128.000000 445851968.000000 5435347968.000000 9858583552.000000 6020228096.000000 7832255488.000000 4061376768.000000 2426905856.000000 6250485248.000000 3812305920.000000 3486950912.000000 
7826429952.000000 8129494016.000000 3585673472.000000 730829248.000000 9736581120.000000 5838481920.000000 67626384.000000 951877312.000000 9556279296.000000 131035784.000000 5013813760.000000 9887569920.000000 9698217984.000000 2097099392.000000 664009280.000000 7812659200.000000 4397520896.000000 5147257344.000000 9185257472.000000 4588933120.000000 3392297984.000000 9631109120.000000 24281428.000000 3250881536.000000 5651337728.000000 7856537088.000000 7312258560.000000 8078243328.000000 4107022080.000000 1124564096.000000 1565194368.000000 1933452032.000000 
9254057984.000000 5150867456.000000 2664281344.000000 8990639104.000000 989349568.000000 2731907584.000000 9942516736.000000 545628992.000000 2862943488.000000 4956330496.000000 433198848.000000 2561161216.000000 7053430272.000000 1097208064.000000 373820128.000000 1450951296.000000 6244465664.000000 9559077888.000000 6039884288.000000 9636763648.000000 9190187008.000000 6064165888.000000 2887645440.000000 4841524224.000000 3920702720.000000 199903552.000000 2919767808.000000 8027724800.000000 1324467712.000000 4484962304.000000 9961177088.000000 578525760.000000 
9635829760.000000 2625458176.000000 9569165312.000000 625179776.000000 5357365760.000000 9511682048.000000 1170808832.000000 8220309504.000000 4468012544.000000 1604007680.000000 781470592.000000 1521442688.000000 2701215744.000000 1155290752.000000 2972393984.000000 8945681408.000000 714368256.000000 9012278272.000000 8582445568.000000 9904555008.000000 5076444160.000000 1470090752.000000 4746079232.000000 8997146624.000000 1669994240.000000 7665846784.000000 7024870912.000000 2994461952.000000 2150809344.000000 6986048000.000000 3572987648.000000 1786639744.000000 
9611506688.000000 3142152704.000000 2411819520.000000 4968872448.000000 2653834496.000000 3582628352.000000 3189181696.000000 7121847296.000000 5186635776.000000 3970652160.000000 8643290112.000000 7887851520.000000 5125942784.000000 1615683584.000000 6833532928.000000 5840311296.000000 627961856.000000 5415978496.000000 5744866304.000000 5704406016.000000 6886069248.000000 490945600.000000 4701552640.000000 8556063744.000000 8156793344.000000 1726423680.000000 1550525440.000000 307602272.000000 8712471552.000000 5123513344.000000 2094241920.000000 8323978240.000000 
8265665536.000000 4506061312.000000 3292850432.000000 919500544.000000 8088689664.000000 6482032128.000000 8041348096.000000 3275325696.000000 452684384.000000 6684637696.000000 1163177216.000000 5578627584.000000 8300321280.000000 7996710400.000000 1418938496.000000 8928282624.000000 3412688896.000000 7163804672.000000 4632688640.000000 298758432.000000 7654750208.000000 9334240256.000000 8854821888.000000 5811543040.000000 1060664512.000000 405347520.000000 6119144960.000000 9773135872.000000 5528860672.000000 8213387264.000000 8097114624.000000 3794526464.000000 
2719448832.000000 1389965440.000000 4714027008.000000 808138304.000000 7871997440.000000 2755374592.000000 4083463936.000000 8324682240.000000 9440012288.000000 5246641152.000000 3903309312.000000 7740333056.000000 3243351552.000000 5322247680.000000 6668616192.000000 6656040448.000000 2486052352.000000 1301304576.000000 6954799104.000000 140802592.000000 635545344.000000 5809620992.000000 5952345600.000000 1696209920.000000 6214968320.000000 2071491072.000000 1469346304.000000 1743829248.000000 284878304.000000 9566461952.000000 5538355712.000000 3004327168.000000 
956426624.000000 252382752.000000 3812465408.000000 8828424192.000000 3007757312.000000 7895929344.000000 7153106432.000000 2447769600.000000 3142570240.000000 1056415616.000000 188102528.000000 6385922048.000000 6378663424.000000 6856718848.000000 3041962496.000000 8864715776.000000 8158022656.000000 9996761088.000000 9005517824.000000 8793568256.000000 5806382080.000000 4957863936.000000 489778208.000000 2021351040.000000 7029355008.000000 1959124480.000000 3765180160.000000 7314233344.000000 1525585792.000000 9303535616.000000 318560224.000000 2482012416.000000 
9555918848.000000 4131025664.000000 1310436736.000000 2563676160.000000 2026954880.000000 8463543296.000000 5011445760.000000 5169525248.000000 9519958016.000000 5199547904.000000 1555446784.000000 5898621440.000000 2056266624.000000 4597409280.000000 4763337216.000000 214289664.000000 4594170368.000000 3768855552.000000 9007857664.000000 400552928.000000 8726719488.000000 9497635840.000000 2421903872.000000 5756073984.000000 1456760704.000000 6187084288.000000 3070307584.000000 2982346752.000000 5490619904.000000 3388868096.000000 5464358912.000000 5046538752.000000 
7519893504.000000 6774795776.000000 7610214912.000000 9546848256.000000 5238338560.000000 2621660928.000000 4716373504.000000 4758297088.000000 7821209088.000000 6271820800.000000 656918784.000000 9877475328.000000 869229632.000000 5420256256.000000 91765168.000000 5463399936.000000 9189111808.000000 9099623424.000000 5863953408.000000 7915831296.000000 8597259264.000000 8285856768.000000 3671906048.000000 54020236.000000 4472941056.000000 6742214144.000000 3036366592.000000 9963560960.000000 131081648.000000 8500725760.000000 5010100736.000000 7650975232.000000 
5275521024.000000 2620315648.000000 7197823488.000000 513860096.000000 5241976320.000000 1914197248.000000 5272157184.000000 3063185152.000000 8186017792.000000 5929076224.000000 2940660736.000000 9055247360.000000 1349332352.000000 3032425984.000000 4518647296.000000 538444160.000000 2132049152.000000 382600608.000000 8454275584.000000 729308544.000000 8668457984.000000 2126181760.000000 783328768.000000 3141399040.000000 8868395008.000000 3819695616.000000 3104960512.000000 8999477248.000000 2320421376.000000 8115060736.000000 6650451968.000000 7595943424.000000 
735376704.000000 3848275968.000000 8109803008.000000 5977352704.000000 5762473472.000000 3381960192.000000 9040538624.000000 3948491008.000000 9311036416.000000 1981199104.000000 3003738112.000000 660368512.000000 5013624832.000000 7522385920.000000 1198812672.000000 7145674240.000000 7904986112.000000 9653088256.000000 7874982912.000000 6573444096.000000 1779270016.000000 8658311168.000000 9714842624.000000 647665408.000000 2478007296.000000 2819803392.000000 9647141888.000000 4798428672.000000 934864512.000000 6297594368.000000 2394371584.000000 1670241152.000000 
145870480.000000 504174720.000000 7647593984.000000 5908343808.000000 3886135040.000000 6688133120.000000 9856834560.000000 3197171200.000000 8669331456.000000 2860572672.000000 3857539584.000000 3682957056.000000 382958144.000000 5056352768.000000 828631232.000000 8287944192.000000 4709440512.000000 8703613952.000000 4861388288.000000 6488710656.000000 7361925632.000000 4576231424.000000 7136376320.000000 9839932416.000000 7396034560.000000 6783518720.000000 4638361600.000000 8330898944.000000 3081113344.000000 7032733184.000000 1140306.750000 3226983936.000000 
7536907776.000000 7648734208.000000 9135327232.000000 1423042816.000000 4336867328.000000 8992161792.000000 4620214272.000000 3006199296.000000 1852734336.000000 8477753856.000000 6689156096.000000 2235692544.000000 3534106368.000000 7517787648.000000 523636896.000000 8243547136.000000 6221401600.000000 5385025024.000000 4732257792.000000 3583327232.000000 9961255936.000000 1868634368.000000 3423260160.000000 7357291008.000000 8652152832.000000 8061621760.000000 5688189952.000000 1733266432.000000 5094354944.000000 5689330176.000000 4960250368.000000 2631262464.000000 
3338064896.000000 4095577600.000000 4054305536.000000 7674932224.000000 3087739648.000000 8674520064.000000 681131648.000000 4940473856.000000 7152272896.000000 7370287616.000000 7176166400.000000 686379520.000000 4888075776.000000 7699803136.000000 8929927168.000000 1109477120.000000 3084828672.000000 3662184704.000000 4692804096.000000 3046084864.000000 5530819072.000000 8116064768.000000 403375712.000000 4182971904.000000 6177686016.000000 6091565568.000000 5916238336.000000 1272040704.000000 1780896000.000000 876488768.000000 3903303424.000000 5118960640.000000 
4972066816.000000 7957608448.000000 2793893120.000000 8059806208.000000 6632128512.000000 3475024896.000000 3000280064.000000 3784401664.000000 845312896.000000 176446304.000000 4470780928.000000 5733388800.000000 7876249600.000000 3400707840.000000 6842865152.000000 961078080.000000 7062892544.000000 1535669888.000000 4007163136.000000 2593711360.000000 9651734528.000000 4410538496.000000 6776683520.000000 5829420032.000000 502104320.000000 2692922112.000000 7101460480.000000 2283000320.000000 3569410816.000000 1004764224.000000 7401960960.000000 8541477376.000000 
8962373632.000000 195854512.000000 6601283072.000000 5594501632.000000 3670879488.000000 9601563648.000000 9378903040.000000 4516192256.000000 9778009088.000000 3849683968.000000 249580752.000000 7654259200.000000 7250392064.000000 7092446208.000000 8615336960.000000 4313284096.000000 8628116480.000000 2622500096.000000 6906995200.000000 8279850496.000000 7033038848.000000 3683678720.000000 4109270272.000000 7535142912.000000 6376601088.000000 1210731264.000000 9818143744.000000 9946011648.000000 2215495680.000000 7220104192.000000 8487488512.000000 1177868544.000000 
7415959040.000000 5088772096.000000 6772369920.000000 1086838528.000000 4690335232.000000 6151272448.000000 5603031040.000000 4468344320.000000 956906.000000 5852611584.000000 2122603392.000000 7251348480.000000 2945058048.000000 737940544.000000 1564632832.000000 1573174016.000000 3360440320.000000 8471628288.000000 9853024256.000000 393479296.000000 2155307008.000000 3962294784.000000 7928622592.000000 8531907584.000000 5173025792.000000 7746765824.000000 8477919744.000000 7388521472.000000 4966870016.000000 6965408256.000000 8566390272.000000 2382829312.000000 
2054180608.000000 5338760192.000000 3469667840.000000 6744516096.000000 1490032768.000000 9072699392.000000 1212860032.000000 1490989568.000000 4925310464.000000 3335463424.000000 8742338560.000000 7870368256.000000 4073403648.000000 306971072.000000 9443542016.000000 7433844224.000000 8778599424.000000 9296566272.000000 7827323904.000000 933906368.000000 3258861312.000000 5755945984.000000 9465814016.000000 8431886848.000000 3502711552.000000 7943733760.000000 5820408320.000000 8469581824.000000 4909142528.000000 4386798592.000000 852411072.000000 6963323392.000000 
9725558784.000000 4322078720.000000 3707838976.000000 1215591296.000000 3394777600.000000 4920698880.000000 2706580992.000000 8320087552.000000 8256162304.000000 1448919168.000000 6190456320.000000 2329566208.000000 1755890304.000000 5633998336.000000 9763410944.000000 534489600.000000 4930565120.000000 7590734336.000000 1468395904.000000 8189426176.000000 3346680320.000000 934210368.000000 6621313024.000000 6849392128.000000 8877944832.000000 2441721856.000000 5318973440.000000 3787087104.000000 6828520448.000000 6171384832.000000 750410304.000000 6554079232.000000 
493464000.000000 4458249216.000000 7769670656.000000 3888241664.000000 9378948096.000000 476251168.000000 2208329472.000000 7635110400.000000 1925170432.000000 8398785536.000000 9964676096.000000 3681060608.000000 4032784128.000000 9728087040.000000 4215550464.000000 8963348480.000000 7318821376.000000 5683945984.000000 7152775168.000000 665501952.000000 6618156544.000000 3774088448.000000 7514893824.000000 5496101376.000000 6215810048.000000 2833868032.000000 9283187712.000000 3044330752.000000 9005252608.000000 33598488.000000 9598409728.000000 9498717184.000000 
4491847680.000000 7368079872.000000 3386958592.000000 3870795776.000000 7844331520.000000 5595288064.000000 1505906048.000000 9769501696.000000 3994073856.000000 1470582528.000000 3450562304.000000 8026857984.000000 1198669696.000000 7666113024.000000 6990206976.000000 8517491200.000000 3350059008.000000 4142982144.000000 9182993408.000000 9968216064.000000 7917070336.000000 6697887232.000000 5464316416.000000 4132880896.000000 9531754496.000000 4747504640.000000 7177211392.000000 8537008128.000000 4781103616.000000 6775621120.000000 8035724800.000000 9272950784.000000 
4143701504.000000 1422683648.000000 3143746816.000000 1988032896.000000 7017971712.000000 4649652736.000000 1757534592.000000 1012045504.000000 6120235520.000000 5208097280.000000 9038903296.000000 7318904832.000000 2874209792.000000 6029110784.000000 5836396032.000000 6224268800.000000 172092304.000000 5019389440.000000 6192484352.000000 8089162752.000000 1717276544.000000 1656801536.000000 2222043648.000000 1249031680.000000 6404306944.000000 9399255040.000000 9786039296.000000 1185410048.000000 6174876672.000000 7821765120.000000 458361280.000000 318578272.000000 
9244448768.000000 3602108160.000000 2306611200.000000 6262420480.000000 8251761152.000000 4064145664.000000 7274465792.000000 4371996672.000000 9272243200.000000 6313369088.000000 1690901760.000000 2146452608.000000 2342479104.000000 7527298560.000000 8370721280.000000 2514571520.000000 2546687744.000000 4563206656.000000 603734336.000000 4263964416.000000 6220007936.000000 2825777920.000000 5512996352.000000 2624314368.000000 2225033216.000000 5299036160.000000 3809724416.000000 8399909888.000000 3120800512.000000 4268086016.000000 8718488576.000000 2365249024.000000 
7870194176.000000 1025099264.000000 8627668992.000000 6121954816.000000 5089244672.000000 5902134784.000000 493951776.000000 4361487872.000000 2215503872.000000 2184853504.000000 6507940352.000000 4557983232.000000 9712151552.000000 4878662144.000000 7072555008.000000 2258839552.000000 9441867776.000000 7676289024.000000 6522803712.000000 5661876224.000000 502067104.000000 2035799936.000000 8286190592.000000 2727100160.000000 7334835712.000000 2095915136.000000 1127010176.000000 455636352.000000 6364001280.000000 9845497856.000000 2820885504.000000 4234194944.000000 
870597504.000000 1448554752.000000 356150208.000000 5959842304.000000 7350689792.000000 850102016.000000 321330048.000000 9566193664.000000 3034955520.000000 6829270016.000000 4124176384.000000 2747107328.000000 1707932032.000000 1196731392.000000 5005946880.000000 1149800192.000000 8873020416.000000 1528750720.000000 6811676160.000000 9375087616.000000 3564550656.000000 5097866752.000000 2102187776.000000 899386432.000000 7193781760.000000 3229197824.000000 1355022848.000000 3557782528.000000 3074695936.000000 4175908352.000000 7791977472.000000 3945293824.000000 
5624462848.000000 8148127744.000000 9905136640.000000 2975152128.000000 8998228992.000000 226466192.000000 2541345536.000000 2033185408.000000 7055736320.000000 6665522688.000000 4780292608.000000 8763668480.000000 7862253056.000000 9786238976.000000 9913468928.000000 6735273472.000000 1314990208.000000 6725145088.000000 6110361088.000000 4879540736.000000 1823011456.000000 8212549120.000000 5778927104.000000 9016793088.000000 1441747072.000000 7133949952.000000 2574575616.000000 4516443136.000000 1309858176.000000 366553280.000000 8461736960.000000 6934321152.000000 
8514680832.000000 8366873088.000000 9909473280.000000 7512910848.000000 8593339392.000000 2450818816.000000 9546096640.000000 5649076224.000000 9116341248.000000 4326388736.000000 4412744192.000000 6978594304.000000 4112628480.000000 4326213120.000000 3713868288.000000 5427618816.000000 1051358016.000000 9824229376.000000 307159520.000000 2874369536.000000 8036778496.000000 6086086656.000000 1891162496.000000 9478525952.000000 3220036608.000000 4465738240.000000 3994969088.000000 4529894912.000000 4832291840.000000 2456706048.000000 1464215680.000000 3346972672.000000 
